15
0 0 0 0 0 21 0 0 41 0 67 0 38 0 0 
0 0 120 5 0 0 0 0 0 0 0 0 0 0 0 
0 120 0 81 0 0 0 31 0 0 0 35 0 0 0 
0 5 81 0 0 0 0 59 0 0 0 0 0 0 0 
0 0 0 0 0 48 36 0 0 0 24 0 0 0 12 
21 0 0 0 48 0 79 0 66 111 13 0 56 113 30 
0 0 0 0 36 79 0 0 46 28 88 0 27 53 26 
0 0 31 59 0 0 0 0 0 0 0 27 0 0 0 
41 0 0 0 0 66 46 0 0 0 0 0 171 0 0 
0 0 0 0 0 111 28 0 0 0 0 0 0 154 18 
67 0 0 0 24 13 88 0 0 0 0 0 51 0 0 
0 0 35 0 0 0 0 27 0 0 0 0 0 0 0 
38 0 0 0 0 56 27 0 171 0 51 0 0 0 108 
0 0 0 0 0 113 53 0 0 154 0 0 0 0 0 
0 0 0 0 12 30 26 0 0 18 0 0 108 0 0 
