50
1 4 67
1 10 138
1 20 36
1 22 69
1 31 54
1 41 29
1 49 27
2 7 47
2 8 36
2 9 96
2 15 55
2 18 11
2 19 20
2 21 97
2 23 66
2 30 40
2 32 45
2 34 104
2 42 58
2 45 27
2 46 73
2 50 49
3 6 9
3 20 35
3 26 51
3 27 58
3 28 48
3 31 105
3 33 85
3 41 89
4 1 67
4 5 105
4 6 70
4 10 49
4 22 15
4 26 72
4 28 27
4 31 43
4 48 90
4 49 79
5 4 105
5 6 98
5 10 46
5 22 103
5 48 88
5 49 40
6 3 9
6 4 70
6 5 98
6 10 49
6 20 63
6 26 28
6 28 38
6 31 56
6 40 85
7 2 47
7 13 45
7 14 47
7 19 18
7 23 37
7 32 60
7 46 60
7 50 109
8 2 36
8 13 28
8 15 41
8 21 30
8 43 18
8 46 69
8 47 109
9 2 96
9 13 57
9 15 39
9 16 51
9 21 26
9 23 36
9 25 48
9 32 59
9 34 17
9 38 37
9 42 59
10 1 138
10 4 49
10 5 46
10 6 49
10 20 6
10 26 94
10 33 72
10 41 31
11 14 76
11 16 29
11 32 67
11 42 21
11 47 52
12 14 60
12 19 36
12 24 37
12 32 39
12 34 71
12 35 54
12 37 25
12 39 58
12 42 26
12 44 32
13 7 45
13 8 28
13 9 57
13 17 104
13 21 55
13 23 14
13 25 109
13 35 65
13 36 88
13 46 59
13 50 26
14 7 47
14 11 76
14 12 60
14 16 69
14 17 37
14 25 29
14 32 67
14 38 50
15 2 55
15 8 41
15 9 39
15 17 32
15 25 23
15 29 88
15 30 34
15 36 48
15 39 34
15 45 107
16 9 51
16 11 29
16 14 69
16 21 115
16 24 125
16 34 43
16 36 17
16 42 41
16 45 41
16 47 19
17 13 104
17 14 37
17 15 32
17 19 30
17 24 73
17 25 53
17 30 28
17 32 59
17 36 43
17 42 52
17 44 43
17 46 38
17 50 50
18 2 11
18 21 46
18 25 42
18 29 25
18 30 63
18 36 38
18 39 11
18 47 34
19 2 20
19 7 18
19 12 36
19 17 30
19 21 25
19 32 17
19 35 40
19 42 27
19 43 28
19 44 92
19 45 91
20 1 36
20 3 35
20 6 63
20 10 6
20 31 175
20 40 48
21 2 97
21 8 30
21 9 26
21 13 55
21 16 115
21 18 46
21 19 25
21 23 25
21 29 129
21 37 102
22 1 69
22 4 15
22 5 103
22 28 53
22 31 11
22 48 91
23 2 66
23 7 37
23 9 36
23 13 14
23 21 25
23 37 45
24 12 37
24 16 125
24 17 73
24 36 25
24 37 54
24 42 64
25 9 48
25 13 109
25 14 29
25 15 23
25 17 53
25 18 42
25 32 59
25 36 53
25 43 54
25 44 19
25 45 21
25 47 30
26 3 51
26 4 72
26 6 28
26 10 94
26 27 14
26 41 39
27 3 58
27 26 14
27 28 112
27 31 63
27 48 32
28 3 48
28 4 27
28 6 38
28 22 53
28 27 112
28 31 48
28 41 118
28 49 97
29 15 88
29 18 25
29 21 129
29 30 33
29 34 75
29 35 31
29 37 56
29 38 46
30 2 40
30 15 34
30 17 28
30 18 63
30 29 33
30 34 48
30 36 58
30 38 63
30 44 60
31 1 54
31 3 105
31 4 43
31 6 56
31 20 175
31 22 11
31 27 63
31 28 48
31 40 53
31 49 50
32 2 45
32 7 60
32 9 59
32 11 67
32 12 39
32 14 67
32 17 59
32 19 17
32 25 59
32 35 58
32 36 45
32 38 18
32 39 82
32 43 18
32 44 38
32 47 17
33 3 85
33 10 72
34 2 104
34 9 17
34 12 71
34 16 43
34 29 75
34 30 48
34 35 23
35 12 54
35 13 65
35 19 40
35 29 31
35 32 58
35 34 23
35 47 82
35 50 77
36 13 88
36 15 48
36 16 17
36 17 43
36 18 38
36 24 25
36 25 53
36 30 58
36 32 45
36 38 38
36 44 83
36 46 108
36 47 44
37 12 25
37 21 102
37 23 45
37 24 54
37 29 56
37 39 11
37 42 10
37 47 35
37 50 30
38 9 37
38 14 50
38 29 46
38 30 63
38 32 18
38 36 38
38 42 37
38 44 67
38 47 41
39 12 58
39 15 34
39 18 11
39 32 82
39 37 11
39 42 64
39 43 40
39 44 41
40 6 85
40 20 48
40 31 53
40 48 32
41 1 29
41 3 89
41 10 31
41 26 39
41 28 118
42 2 58
42 9 59
42 11 21
42 12 26
42 16 41
42 17 52
42 19 27
42 24 64
42 37 10
42 38 37
42 39 64
42 44 18
42 47 68
43 8 18
43 19 28
43 25 54
43 32 18
43 39 40
44 12 32
44 17 43
44 19 92
44 25 19
44 30 60
44 32 38
44 36 83
44 38 67
44 39 41
44 42 18
44 45 121
45 2 27
45 15 107
45 16 41
45 19 91
45 25 21
45 44 121
46 2 73
46 7 60
46 8 69
46 13 59
46 17 38
46 36 108
46 50 28
47 8 109
47 11 52
47 16 19
47 18 34
47 25 30
47 32 17
47 35 82
47 36 44
47 37 35
47 38 41
47 42 68
48 4 90
48 5 88
48 22 91
48 27 32
48 40 32
48 49 21
49 1 27
49 4 79
49 5 40
49 28 97
49 31 50
49 48 21
50 2 49
50 7 109
50 13 26
50 17 50
50 35 77
50 37 30
50 46 28
