15
1 6 21
1 9 41
1 11 67
1 13 38
2 3 120
2 4 5
3 2 120
3 4 81
3 8 31
3 12 35
4 2 5
4 3 81
4 8 59
5 6 48
5 7 36
5 11 24
5 15 12
6 1 21
6 5 48
6 7 79
6 9 66
6 10 111
6 11 13
6 13 56
6 14 113
6 15 30
7 5 36
7 6 79
7 9 46
7 10 28
7 11 88
7 13 27
7 14 53
7 15 26
8 3 31
8 4 59
8 12 27
9 1 41
9 6 66
9 7 46
9 13 171
10 6 111
10 7 28
10 14 154
10 15 18
11 1 67
11 5 24
11 6 13
11 7 88
11 13 51
12 3 35
12 8 27
13 1 38
13 6 56
13 7 27
13 9 171
13 11 51
13 15 108
14 6 113
14 7 53
14 10 154
15 5 12
15 6 30
15 7 26
15 10 18
15 13 108
