100
1 2 75
1 9 23
1 17 65
1 23 43
1 24 44
1 36 25
1 58 104
1 62 32
1 68 46
1 75 119
1 79 20
1 98 44
2 1 75
2 23 10
2 24 55
2 33 23
2 36 63
2 41 71
2 42 62
2 43 9
2 62 71
2 68 65
2 79 47
2 91 49
3 45 63
3 57 45
3 70 48
3 73 86
3 90 65
4 5 107
4 8 20
4 13 31
4 18 22
4 34 45
4 55 9
4 65 39
4 72 106
4 77 27
4 78 48
4 87 26
5 4 107
5 6 44
5 11 125
5 13 126
5 34 8
5 35 29
5 50 46
5 69 77
5 81 32
5 84 22
5 88 26
6 5 44
6 19 12
6 20 85
6 44 39
6 46 48
6 56 68
6 94 26
7 15 46
7 16 78
7 49 117
7 52 67
7 71 35
8 4 20
8 38 68
8 65 60
8 81 52
9 1 23
9 22 41
9 33 78
9 42 60
9 43 91
10 26 130
10 33 34
10 36 117
10 48 23
10 58 69
10 91 31
10 93 6
10 95 55
10 98 22
11 5 125
11 19 46
11 40 125
11 46 7
11 69 8
11 72 26
11 76 6
11 81 12
11 92 31
12 14 20
12 16 69
12 32 39
12 37 26
12 45 40
12 57 112
12 71 65
12 73 64
12 89 83
13 4 31
13 5 126
13 18 105
13 20 59
13 29 148
13 55 33
13 56 124
13 72 23
13 99 19
14 12 20
14 16 20
14 49 69
14 52 62
14 61 124
14 71 78
14 73 21
14 83 54
15 7 46
15 57 69
15 59 42
15 70 61
16 7 78
16 12 69
16 14 20
16 25 112
16 89 32
16 96 18
17 1 65
17 22 52
17 30 20
17 47 44
17 53 140
17 58 11
17 63 54
17 85 77
17 98 11
18 4 22
18 13 105
18 19 26
18 65 83
18 69 49
18 76 81
18 77 21
18 78 22
18 84 87
18 88 71
19 6 12
19 11 46
19 18 26
19 34 12
19 39 22
19 44 24
19 46 24
19 50 29
19 60 35
19 76 104
19 77 35
19 92 74
19 97 62
19 100 108
20 6 85
20 13 59
20 29 27
20 38 54
20 39 162
20 44 20
20 51 55
20 55 14
20 60 51
20 72 52
20 88 48
20 97 31
20 99 16
21 26 81
21 36 9
21 42 78
21 43 31
21 66 58
21 85 31
22 9 41
22 17 52
22 36 36
22 47 35
22 48 56
22 58 24
22 74 86
22 91 36
22 98 62
23 1 43
23 2 10
23 24 14
23 33 20
23 36 89
23 42 18
23 48 22
23 91 70
23 93 186
24 1 44
24 2 55
24 23 14
24 48 77
24 66 66
24 79 58
24 85 52
24 93 16
24 98 45
25 16 112
25 61 11
25 73 81
26 10 130
26 21 81
26 33 38
26 53 53
26 58 82
26 62 42
26 63 80
26 75 32
26 93 62
26 98 42
27 28 66
27 57 39
27 61 53
27 89 60
28 27 66
28 37 51
28 57 69
28 71 36
28 73 54
28 83 40
28 89 27
29 13 148
29 20 27
29 40 34
29 56 159
29 67 28
29 81 49
29 99 98
30 17 20
30 36 13
30 48 31
30 53 74
30 58 20
30 62 42
30 68 32
30 79 31
30 85 59
30 93 28
31 34 32
31 35 36
31 51 14
31 55 61
31 60 40
31 67 54
31 72 48
31 77 30
31 99 13
32 12 39
32 45 85
32 71 33
32 80 55
33 2 23
33 9 78
33 10 34
33 23 20
33 26 38
33 48 52
33 58 71
33 62 80
33 66 85
33 74 35
33 75 35
33 86 54
34 4 45
34 5 8
34 19 12
34 31 32
34 35 97
34 46 58
34 50 46
34 55 44
34 56 50
34 65 30
34 67 18
34 78 177
34 84 97
34 88 14
34 92 25
35 5 29
35 31 36
35 34 97
35 38 96
35 39 128
35 81 25
35 87 160
35 88 25
35 92 26
35 97 55
36 1 25
36 2 63
36 10 117
36 21 9
36 22 36
36 23 89
36 30 13
36 42 21
36 53 44
36 75 97
36 86 5
37 12 26
37 28 51
37 52 10
37 61 18
37 83 52
37 89 29
37 96 41
38 8 68
38 20 54
38 35 96
38 69 75
38 72 150
38 92 51
38 94 36
39 19 22
39 20 162
39 35 128
39 40 35
39 46 21
39 54 63
39 69 43
39 84 51
39 97 38
40 11 125
40 29 34
40 39 35
40 51 51
40 54 41
40 64 28
40 69 31
40 78 99
40 87 15
40 88 55
40 97 31
40 99 20
41 2 71
41 43 37
41 74 39
41 98 82
42 2 62
42 9 60
42 21 78
42 23 18
42 36 21
42 58 110
42 62 13
42 79 34
43 2 9
43 9 91
43 21 31
43 41 37
43 66 61
43 75 33
43 79 57
43 91 31
44 6 39
44 19 24
44 20 20
44 56 38
44 60 25
44 64 48
44 65 18
44 67 49
45 3 63
45 12 40
45 32 85
45 61 45
45 70 48
45 80 50
45 83 40
45 89 78
46 6 48
46 11 7
46 19 24
46 34 58
46 39 21
46 65 67
46 67 80
46 69 34
46 76 16
46 77 33
46 84 43
46 87 66
46 92 63
46 94 22
47 17 44
47 22 35
47 53 113
47 63 88
47 68 17
47 75 79
48 10 23
48 22 56
48 23 22
48 24 77
48 30 31
48 33 52
48 86 45
48 91 47
49 7 117
49 14 69
49 59 17
49 70 46
49 71 14
50 5 46
50 19 29
50 34 46
50 56 76
50 78 52
50 88 72
50 100 32
51 20 55
51 31 14
51 40 51
51 69 26
51 72 23
51 97 36
52 7 67
52 14 62
52 37 10
52 61 73
52 70 80
52 90 59
53 17 140
53 26 53
53 30 74
53 36 44
53 47 113
53 66 222
53 74 35
53 86 126
53 91 13
53 98 22
54 39 63
54 40 41
54 69 22
54 77 95
54 82 65
54 88 64
55 4 9
55 13 33
55 20 14
55 31 61
55 34 44
55 67 95
55 69 70
55 72 15
55 78 27
55 94 53
55 100 37
56 6 68
56 13 124
56 29 159
56 34 50
56 44 38
56 50 76
56 60 51
56 69 38
56 99 44
57 3 45
57 12 112
57 15 69
57 27 39
57 28 69
57 71 115
57 73 60
57 80 42
57 89 16
57 96 18
58 1 104
58 10 69
58 17 11
58 22 24
58 26 82
58 30 20
58 33 71
58 42 110
58 79 25
58 85 26
58 95 110
58 98 57
59 15 42
59 49 17
59 70 65
59 73 66
59 83 43
59 96 45
60 19 35
60 20 51
60 31 40
60 44 25
60 56 51
60 76 64
60 82 31
61 14 124
61 25 11
61 27 53
61 37 18
61 45 45
61 52 73
61 70 103
61 71 19
61 83 40
62 1 32
62 2 71
62 26 42
62 30 42
62 33 80
62 42 13
62 68 49
62 85 58
62 86 101
62 91 50
63 17 54
63 26 80
63 47 88
63 68 55
63 79 102
64 40 28
64 44 48
64 76 49
64 84 24
64 94 58
64 100 36
65 4 39
65 8 60
65 18 83
65 34 30
65 44 18
65 46 67
65 69 65
65 77 57
65 78 38
65 99 36
66 21 58
66 24 66
66 33 85
66 43 61
66 53 222
66 93 8
66 95 61
67 29 28
67 31 54
67 34 18
67 44 49
67 46 80
67 55 95
67 69 26
67 72 74
67 76 24
67 92 82
67 100 23
68 1 46
68 2 65
68 30 32
68 47 17
68 62 49
68 63 55
68 91 17
68 95 22
69 5 77
69 11 8
69 18 49
69 38 75
69 39 43
69 40 31
69 46 34
69 51 26
69 54 22
69 55 70
69 56 38
69 65 65
69 67 26
69 72 29
69 84 16
69 92 41
70 3 48
70 15 61
70 45 48
70 49 46
70 52 80
70 59 65
70 61 103
70 83 28
70 96 51
71 7 35
71 12 65
71 14 78
71 28 36
71 32 33
71 49 14
71 57 115
71 61 19
71 83 38
71 96 17
72 4 106
72 11 26
72 13 23
72 20 52
72 31 48
72 38 150
72 51 23
72 55 15
72 67 74
72 69 29
72 77 42
72 82 80
72 100 44
73 3 86
73 12 64
73 14 21
73 25 81
73 28 54
73 57 60
73 59 66
73 83 18
73 96 36
74 22 86
74 33 35
74 41 39
74 53 35
74 75 105
74 85 26
74 95 58
74 98 28
75 1 119
75 26 32
75 33 35
75 36 97
75 43 33
75 47 79
75 74 105
75 93 61
76 11 6
76 18 81
76 19 104
76 46 16
76 60 64
76 64 49
76 67 24
76 82 54
77 4 27
77 18 21
77 19 35
77 31 30
77 46 33
77 54 95
77 65 57
77 72 42
77 82 35
77 94 17
78 4 48
78 18 22
78 34 177
78 40 99
78 50 52
78 55 27
78 65 38
78 84 18
79 1 20
79 2 47
79 24 58
79 30 31
79 42 34
79 43 57
79 58 25
79 63 102
79 93 45
79 95 87
79 98 42
80 32 55
80 45 50
80 57 42
81 5 32
81 8 52
81 11 12
81 29 49
81 35 25
81 84 61
81 97 12
82 54 65
82 60 31
82 72 80
82 76 54
82 77 35
82 99 48
82 100 92
83 14 54
83 28 40
83 37 52
83 45 40
83 59 43
83 61 40
83 70 28
83 71 38
83 73 18
83 90 101
84 5 22
84 18 87
84 34 97
84 39 51
84 46 43
84 64 24
84 69 16
84 78 18
84 81 61
84 87 42
84 88 11
84 92 14
84 94 6
85 17 77
85 21 31
85 24 52
85 30 59
85 58 26
85 62 58
85 74 26
85 95 68
85 98 95
86 33 54
86 36 5
86 48 45
86 53 126
86 62 101
86 91 17
87 4 26
87 35 160
87 40 15
87 46 66
87 84 42
87 94 23
87 97 26
88 5 26
88 18 71
88 20 48
88 34 14
88 35 25
88 40 55
88 50 72
88 54 64
88 84 11
88 94 53
89 12 83
89 16 32
89 27 60
89 28 27
89 37 29
89 45 78
89 57 16
89 90 46
90 3 65
90 52 59
90 83 101
90 89 46
91 2 49
91 10 31
91 22 36
91 23 70
91 43 31
91 48 47
91 53 13
91 62 50
91 68 17
91 86 17
91 93 20
92 11 31
92 19 74
92 34 25
92 35 26
92 38 51
92 46 63
92 67 82
92 69 41
92 84 14
92 97 15
92 100 30
93 10 6
93 23 186
93 24 16
93 26 62
93 30 28
93 66 8
93 75 61
93 79 45
93 91 20
94 6 26
94 38 36
94 46 22
94 55 53
94 64 58
94 77 17
94 84 6
94 87 23
94 88 53
95 10 55
95 58 110
95 66 61
95 68 22
95 74 58
95 79 87
95 85 68
95 98 64
96 16 18
96 37 41
96 57 18
96 59 45
96 70 51
96 71 17
96 73 36
97 19 62
97 20 31
97 35 55
97 39 38
97 40 31
97 51 36
97 81 12
97 87 26
97 92 15
98 1 44
98 10 22
98 17 11
98 22 62
98 24 45
98 26 42
98 41 82
98 53 22
98 58 57
98 74 28
98 79 42
98 85 95
98 95 64
99 13 19
99 20 16
99 29 98
99 31 13
99 40 20
99 56 44
99 65 36
99 82 48
99 100 90
100 19 108
100 50 32
100 55 37
100 64 36
100 67 23
100 72 44
100 82 92
100 92 30
100 99 90
