8
1 3 37
1 4 87
1 6 33
1 7 20
1 8 109
2 5 78
3 1 37
3 4 104
3 6 22
3 7 48
3 8 25
4 1 87
4 3 104
4 6 17
4 7 106
4 8 85
5 2 78
6 1 33
6 3 22
6 4 17
6 7 47
6 8 17
7 1 20
7 3 48
7 4 106
7 6 47
7 8 12
8 1 109
8 3 25
8 4 85
8 6 17
8 7 12
