20
1 2 51
1 5 75
1 11 138
1 12 20
1 16 37
1 17 71
1 20 25
2 1 51
2 5 72
2 11 29
2 16 56
2 19 25
3 5 45
3 11 69
3 12 23
3 16 44
3 17 32
3 19 59
3 20 77
4 6 41
4 7 23
4 8 39
4 9 50
4 14 25
5 1 75
5 2 72
5 3 45
5 11 15
5 12 20
5 16 17
5 17 32
5 20 144
6 4 41
6 7 21
6 8 45
6 14 19
6 15 28
7 4 23
7 6 21
7 8 81
7 9 47
7 14 106
7 15 21
8 4 39
8 6 45
8 7 81
8 9 28
9 4 50
9 7 47
9 8 28
9 15 25
10 13 72
10 18 43
11 1 138
11 2 29
11 3 69
11 5 15
11 16 111
11 19 31
12 1 20
12 3 23
12 5 20
12 16 24
12 17 79
12 20 51
13 10 72
13 18 53
14 4 25
14 6 19
14 7 106
14 15 30
15 6 28
15 7 21
15 9 25
15 14 30
16 1 37
16 2 56
16 3 44
16 5 17
16 11 111
16 12 24
16 17 42
16 19 33
16 20 20
17 1 71
17 3 32
17 5 32
17 12 79
17 16 42
17 19 47
18 10 43
18 13 53
19 2 25
19 3 59
19 11 31
19 16 33
19 17 47
20 1 25
20 3 77
20 5 144
20 12 51
20 16 20
